% -------------------------------------------------------------------
%  Generated by MATLAB on 8-Dec-2020 11:50:50
%  MATLAB version: 9.9.0.1495850 (R2020b) Update 1
% -------------------------------------------------------------------
                                

b0 = 1;

b1 = 2;

b2 = 3;

b3 = 4;

b4 = 5;

